time	cell_id	cell_xyz	cell_bw_MHz	subbands	MIMO_gain	pattern	cell_dBm	n_UEs	tp_agg_bits	tp_avg_bits	cell_ec_now	cell_ee_now	cell_avg_se_now	cell_tp_agg_bits_cum	cell_tp_avg_bits_cum	cell_ec_cum	cell_ee_cum	cell_avg_se_overall
1.0	0	"-500.  	-866.03	  20.  "	10.0	1	0.0		49	0	0.0	0.0	1514175.3987235078	0.0	0.0	0.0	0.0	1514175.3987235078	0.0	0.0
1.0	1	"   0.  	-866.03	  20.  "	10.0	1	0.0		49	0	0.0	0.0	1514175.3987235078	0.0	0.0	0.0	0.0	3028350.7974470155	0.0	0.0
1.0	2	" 500.  	-866.03	  20.  "	10.0	1	0.0		49	0	0.0	0.0	1514175.3987235078	0.0	0.0	0.0	0.0	4542526.196170524	0.0	0.0
1.0	3	"-750.  	-433.01	  20.  "	10.0	1	0.0		49	0	0.0	0.0	1514175.3987235078	0.0	0.0	0.0	0.0	6056701.594894031	0.0	0.0
1.0	4	"-250.  	-433.01	  20.  "	10.0	1	0.0		49	2	9082000.0	4541000.0	1514175.3987235078	5.997984122352259	0.30273333333333335	9082000.0	4541000.0	7570876.993617538	5.997984122352259	0.020182222222222223
1.0	5	" 250.  	-433.01	  20.  "	10.0	1	0.0		49	1	2344000.0	2344000.0	1514175.3987235078	1.548037302663917	0.07813333333333333	11426000.0	6885000.0	9085052.392341046	7.546021425016176	0.006554370370370371
1.0	6	" 750.  	-433.01	  20.  "	10.0	1	0.0		49	1	13262000.0	13262000.0	1514175.3987235078	8.758562588706855	0.44206666666666666	24688000.0	20147000.0	10599227.791064553	16.30458401372303	0.02990806913580247
1.0	7	"-1000.	    0.	   20."	10.0	1	0.0		49	1	2344000.0	2344000.0	1514175.3987235078	1.548037302663917	0.07813333333333333	27032000.0	22491000.0	12113403.18978806	17.852621316386948	0.007202760164609053
1.0	8	"-500.	   0.	  20."	10.0	1	0.0		49	1	2344000.0	2344000.0	1514175.3987235078	1.548037302663917	0.07813333333333333	29376000.0	24835000.0	13627578.588511568	19.400658619050866	0.005689072899862826
1.0	9	" 0.	 0.	20."	10.0	1	0.0		49	2	12519500.0	6259750.0	1514175.3987235078	8.268196676920184	0.4173166666666666	41895500.0	31094750.0	15141753.987235075	27.66885529597105	0.02820038263776863
1.0	10	"500.	  0.	 20."	10.0	1	0.0		49	0	0.0	0.0	1514175.3987235078	0.0	0.0	41895500.0	31094750.0	16655929.385958582	27.66885529597105	0.0018800255091845754
1.0	11	"1000.	   0.	  20."	10.0	1	0.0		49	1	2344000.0	2344000.0	1514175.3987235078	1.548037302663917	0.07813333333333333	44239500.0	33438750.0	18170104.78468209	29.216892598634967	0.0053342239228345275
1.0	12	"-750.  	 433.01	  20.  "	10.0	1	0.0		49	0	0.0	0.0	1514175.3987235078	0.0	0.0	44239500.0	33438750.0	19684280.1834056	29.216892598634967	0.0003556149281889685
1.0	13	"-250.  	 433.01	  20.  "	10.0	1	0.0		49	1	3066000.0	3066000.0	1514175.3987235078	2.0248644923069836	0.1022	47305500.0	36504750.0	21198455.58212911	31.241757090941952	0.006837040995212598
1.0	14	"250.  	433.01	 20.  "	10.0	1	0.0		49	1	13262000.0	13262000.0	1514175.3987235078	8.758562588706855	0.44206666666666666	60567500.0	49766750.0	22712630.98085262	40.00031967964881	0.029926913844125283
1.0	15	"750.  	433.01	 20.  "	10.0	1	0.0		49	0	0.0	0.0	1514175.3987235078	0.0	0.0	60567500.0	49766750.0	24226806.379576128	40.00031967964881	0.0019951275896083523
1.0	16	"-500.  	 866.03	  20.  "	10.0	1	0.0		49	0	0.0	0.0	1514175.3987235078	0.0	0.0	60567500.0	49766750.0	25740981.778299637	40.00031967964881	0.00013300850597389014
1.0	17	"  0.  	866.03	 20.  "	10.0	1	0.0		49	0	0.0	0.0	1514175.3987235078	0.0	0.0	60567500.0	49766750.0	27255157.177023146	40.00031967964881	8.867233731592676e-06
1.0	18	"500.  	866.03	 20.  "	10.0	1	0.0		49	0	0.0	0.0	1514175.3987235078	0.0	0.0	60567500.0	49766750.0	28769332.575746655	40.00031967964881	5.911489154395118e-07
2.0	0	"-500.  	-866.03	  20.  "	10.0	1	0.0		49	0	0.0	0.0	1514175.3987235078	0.0	0.0	60567500.0	49766750.0	30283507.974470165	40.00031967964881	3.9409927695967453e-08
2.0	1	"   0.  	-866.03	  20.  "	10.0	1	0.0		49	0	0.0	0.0	1514175.3987235078	0.0	0.0	60567500.0	49766750.0	31797683.373193674	40.00031967964881	2.627328513064497e-09
2.0	2	" 500.  	-866.03	  20.  "	10.0	1	0.0		49	0	0.0	0.0	1514175.3987235078	0.0	0.0	60567500.0	49766750.0	33311858.771917183	40.00031967964881	1.751552342042998e-10
2.0	3	"-750.  	-433.01	  20.  "	10.0	1	0.0		49	0	0.0	0.0	1514175.3987235078	0.0	0.0	60567500.0	49766750.0	34826034.17064069	40.00031967964881	1.1677015613619987e-11
2.0	4	"-250.  	-433.01	  20.  "	10.0	1	0.0		49	2	9082000.0	4541000.0	1514175.3987235078	5.997984122352259	0.30273333333333335	69649500.0	54307750.0	36340209.5693642	45.99830380200107	0.02018222222300069
2.0	5	" 250.  	-433.01	  20.  "	10.0	1	0.0		49	1	2344000.0	2344000.0	1514175.3987235078	1.548037302663917	0.07813333333333333	71993500.0	56651750.0	37854384.9680877	47.54634110466498	0.006554370370422268
2.0	6	" 750.  	-433.01	  20.  "	10.0	1	0.0		49	1	13262000.0	13262000.0	1514175.3987235078	8.758562588706855	0.44206666666666666	85255500.0	69913750.0	39368560.36681121	56.30490369337184	0.029908069135805928
2.0	7	"-1000.	    0.	   20."	10.0	1	0.0		49	1	2344000.0	2344000.0	1514175.3987235078	1.548037302663917	0.07813333333333333	87599500.0	72257750.0	40882735.765534714	57.852940996035755	0.007202760164609284
2.0	8	"-500.	   0.	  20."	10.0	1	0.0		49	1	2344000.0	2344000.0	1514175.3987235078	1.548037302663917	0.07813333333333333	89943500.0	74601750.0	42396911.16425822	59.40097829869967	0.005689072899862841
2.0	9	" 0.	 0.	20."	10.0	1	0.0		49	2	12519500.0	6259750.0	1514175.3987235078	8.268196676920184	0.4173166666666666	102463000.0	80861500.0	43911086.562981725	67.66917497561985	0.028200382637768633
2.0	10	"500.	  0.	 20."	10.0	1	0.0		49	0	0.0	0.0	1514175.3987235078	0.0	0.0	102463000.0	80861500.0	45425261.96170523	67.66917497561985	0.0018800255091845756
2.0	11	"1000.	   0.	  20."	10.0	1	0.0		49	1	2344000.0	2344000.0	1514175.3987235078	1.548037302663917	0.07813333333333333	104807000.0	83205500.0	46939437.360428736	69.21721227828377	0.0053342239228345275
2.0	12	"-750.  	 433.01	  20.  "	10.0	1	0.0		49	0	0.0	0.0	1514175.3987235078	0.0	0.0	104807000.0	83205500.0	48453612.75915224	69.21721227828377	0.0003556149281889685
2.0	13	"-250.  	 433.01	  20.  "	10.0	1	0.0		49	1	3066000.0	3066000.0	1514175.3987235078	2.0248644923069836	0.1022	107873000.0	86271500.0	49967788.15787575	71.24207677059076	0.006837040995212598
2.0	14	"250.  	433.01	 20.  "	10.0	1	0.0		49	1	13262000.0	13262000.0	1514175.3987235078	8.758562588706855	0.44206666666666666	121135000.0	99533500.0	51481963.55659925	80.00063935929761	0.029926913844125283
2.0	15	"750.  	433.01	 20.  "	10.0	1	0.0		49	0	0.0	0.0	1514175.3987235078	0.0	0.0	121135000.0	99533500.0	52996138.95532276	80.00063935929761	0.0019951275896083523
2.0	16	"-500.  	 866.03	  20.  "	10.0	1	0.0		49	0	0.0	0.0	1514175.3987235078	0.0	0.0	121135000.0	99533500.0	54510314.35404626	80.00063935929761	0.00013300850597389014
2.0	17	"  0.  	866.03	 20.  "	10.0	1	0.0		49	0	0.0	0.0	1514175.3987235078	0.0	0.0	121135000.0	99533500.0	56024489.75276977	80.00063935929761	8.867233731592676e-06
2.0	18	"500.  	866.03	 20.  "	10.0	1	0.0		49	0	0.0	0.0	1514175.3987235078	0.0	0.0	121135000.0	99533500.0	57538665.15149327	80.00063935929761	5.911489154395118e-07
3.0	0	"-500.  	-866.03	  20.  "	10.0	1	0.0		49	0	0.0	0.0	1514175.3987235078	0.0	0.0	121135000.0	99533500.0	59052840.55021678	80.00063935929761	3.9409927695967453e-08
3.0	1	"   0.  	-866.03	  20.  "	10.0	1	0.0		49	0	0.0	0.0	1514175.3987235078	0.0	0.0	121135000.0	99533500.0	60567015.948940285	80.00063935929761	2.627328513064497e-09
3.0	2	" 500.  	-866.03	  20.  "	10.0	1	0.0		49	0	0.0	0.0	1514175.3987235078	0.0	0.0	121135000.0	99533500.0	62081191.34766379	80.00063935929761	1.751552342042998e-10
3.0	3	"-750.  	-433.01	  20.  "	10.0	1	0.0		49	0	0.0	0.0	1514175.3987235078	0.0	0.0	121135000.0	99533500.0	63595366.746387295	80.00063935929761	1.1677015613619987e-11
3.0	4	"-250.  	-433.01	  20.  "	10.0	1	0.0		49	2	9082000.0	4541000.0	1514175.3987235078	5.997984122352259	0.30273333333333335	130217000.0	104074500.0	65109542.1451108	85.99862348164987	0.02018222222300069
3.0	5	" 250.  	-433.01	  20.  "	10.0	1	0.0		49	1	2344000.0	2344000.0	1514175.3987235078	1.548037302663917	0.07813333333333333	132561000.0	106418500.0	66623717.54383431	87.54666078431379	0.006554370370422268
3.0	6	" 750.  	-433.01	  20.  "	10.0	1	0.0		49	1	13262000.0	13262000.0	1514175.3987235078	8.758562588706855	0.44206666666666666	145823000.0	119680500.0	68137892.94255781	96.30522337302064	0.029908069135805928
3.0	7	"-1000.	    0.	   20."	10.0	1	0.0		49	1	2344000.0	2344000.0	1514175.3987235078	1.548037302663917	0.07813333333333333	148167000.0	122024500.0	69652068.34128132	97.85326067568455	0.007202760164609284
3.0	8	"-500.	   0.	  20."	10.0	1	0.0		49	1	2344000.0	2344000.0	1514175.3987235078	1.548037302663917	0.07813333333333333	150511000.0	124368500.0	71166243.74000484	99.40129797834847	0.005689072899862841
3.0	9	" 0.	 0.	20."	10.0	1	0.0		49	2	12519500.0	6259750.0	1514175.3987235078	8.268196676920184	0.4173166666666666	163030500.0	130628250.0	72680419.13872835	107.66949465526865	0.028200382637768633
3.0	10	"500.	  0.	 20."	10.0	1	0.0		49	0	0.0	0.0	1514175.3987235078	0.0	0.0	163030500.0	130628250.0	74194594.53745186	107.66949465526865	0.0018800255091845756
3.0	11	"1000.	   0.	  20."	10.0	1	0.0		49	1	2344000.0	2344000.0	1514175.3987235078	1.548037302663917	0.07813333333333333	165374500.0	132972250.0	75708769.93617538	109.21753195793256	0.0053342239228345275
3.0	12	"-750.  	 433.01	  20.  "	10.0	1	0.0		49	0	0.0	0.0	1514175.3987235078	0.0	0.0	165374500.0	132972250.0	77222945.33489889	109.21753195793256	0.0003556149281889685
3.0	13	"-250.  	 433.01	  20.  "	10.0	1	0.0		49	1	3066000.0	3066000.0	1514175.3987235078	2.0248644923069836	0.1022	168440500.0	136038250.0	78737120.7336224	111.24239645023955	0.006837040995212598
3.0	14	"250.  	433.01	 20.  "	10.0	1	0.0		49	1	13262000.0	13262000.0	1514175.3987235078	8.758562588706855	0.44206666666666666	181702500.0	149300250.0	80251296.13234591	120.0009590389464	0.029926913844125283
3.0	15	"750.  	433.01	 20.  "	10.0	1	0.0		49	0	0.0	0.0	1514175.3987235078	0.0	0.0	181702500.0	149300250.0	81765471.53106943	120.0009590389464	0.0019951275896083523
3.0	16	"-500.  	 866.03	  20.  "	10.0	1	0.0		49	0	0.0	0.0	1514175.3987235078	0.0	0.0	181702500.0	149300250.0	83279646.92979294	120.0009590389464	0.00013300850597389014
3.0	17	"  0.  	866.03	 20.  "	10.0	1	0.0		49	0	0.0	0.0	1514175.3987235078	0.0	0.0	181702500.0	149300250.0	84793822.32851645	120.0009590389464	8.867233731592676e-06
3.0	18	"500.  	866.03	 20.  "	10.0	1	0.0		49	0	0.0	0.0	1514175.3987235078	0.0	0.0	181702500.0	149300250.0	86307997.72723997	120.0009590389464	5.911489154395118e-07
4.0	0	"-500.  	-866.03	  20.  "	10.0	1	0.0		49	0	0.0	0.0	1514175.3987235078	0.0	0.0	181702500.0	149300250.0	87822173.12596348	120.0009590389464	3.9409927695967453e-08
4.0	1	"   0.  	-866.03	  20.  "	10.0	1	0.0		49	0	0.0	0.0	1514175.3987235078	0.0	0.0	181702500.0	149300250.0	89336348.52468699	120.0009590389464	2.627328513064497e-09
4.0	2	" 500.  	-866.03	  20.  "	10.0	1	0.0		49	0	0.0	0.0	1514175.3987235078	0.0	0.0	181702500.0	149300250.0	90850523.9234105	120.0009590389464	1.751552342042998e-10
4.0	3	"-750.  	-433.01	  20.  "	10.0	1	0.0		49	0	0.0	0.0	1514175.3987235078	0.0	0.0	181702500.0	149300250.0	92364699.32213402	120.0009590389464	1.1677015613619987e-11
4.0	4	"-250.  	-433.01	  20.  "	10.0	1	0.0		49	2	9082000.0	4541000.0	1514175.3987235078	5.997984122352259	0.30273333333333335	190784500.0	153841250.0	93878874.72085753	125.99894316129867	0.02018222222300069
4.0	5	" 250.  	-433.01	  20.  "	10.0	1	0.0		49	1	2344000.0	2344000.0	1514175.3987235078	1.548037302663917	0.07813333333333333	193128500.0	156185250.0	95393050.11958104	127.54698046396258	0.006554370370422268
4.0	6	" 750.  	-433.01	  20.  "	10.0	1	0.0		49	1	13262000.0	13262000.0	1514175.3987235078	8.758562588706855	0.44206666666666666	206390500.0	169447250.0	96907225.51830456	136.30554305266944	0.029908069135805928
4.0	7	"-1000.	    0.	   20."	10.0	1	0.0		49	1	2344000.0	2344000.0	1514175.3987235078	1.548037302663917	0.07813333333333333	208734500.0	171791250.0	98421400.91702807	137.85358035533335	0.007202760164609284
4.0	8	"-500.	   0.	  20."	10.0	1	0.0		49	1	2344000.0	2344000.0	1514175.3987235078	1.548037302663917	0.07813333333333333	211078500.0	174135250.0	99935576.31575158	139.40161765799726	0.005689072899862841
4.0	9	" 0.	 0.	20."	10.0	1	0.0		49	2	12519500.0	6259750.0	1514175.3987235078	8.268196676920184	0.4173166666666666	223598000.0	180395000.0	101449751.7144751	147.66981433491745	0.028200382637768633
4.0	10	"500.	  0.	 20."	10.0	1	0.0		49	0	0.0	0.0	1514175.3987235078	0.0	0.0	223598000.0	180395000.0	102963927.11319861	147.66981433491745	0.0018800255091845756
4.0	11	"1000.	   0.	  20."	10.0	1	0.0		49	1	2344000.0	2344000.0	1514175.3987235078	1.548037302663917	0.07813333333333333	225942000.0	182739000.0	104478102.51192212	149.21785163758136	0.0053342239228345275
4.0	12	"-750.  	 433.01	  20.  "	10.0	1	0.0		49	0	0.0	0.0	1514175.3987235078	0.0	0.0	225942000.0	182739000.0	105992277.91064563	149.21785163758136	0.0003556149281889685
4.0	13	"-250.  	 433.01	  20.  "	10.0	1	0.0		49	1	3066000.0	3066000.0	1514175.3987235078	2.0248644923069836	0.1022	229008000.0	185805000.0	107506453.30936915	151.24271612988835	0.006837040995212598
4.0	14	"250.  	433.01	 20.  "	10.0	1	0.0		49	1	13262000.0	13262000.0	1514175.3987235078	8.758562588706855	0.44206666666666666	242270000.0	199067000.0	109020628.70809266	160.00127871859522	0.029926913844125283
4.0	15	"750.  	433.01	 20.  "	10.0	1	0.0		49	0	0.0	0.0	1514175.3987235078	0.0	0.0	242270000.0	199067000.0	110534804.10681617	160.00127871859522	0.0019951275896083523
4.0	16	"-500.  	 866.03	  20.  "	10.0	1	0.0		49	0	0.0	0.0	1514175.3987235078	0.0	0.0	242270000.0	199067000.0	112048979.50553969	160.00127871859522	0.00013300850597389014
4.0	17	"  0.  	866.03	 20.  "	10.0	1	0.0		49	0	0.0	0.0	1514175.3987235078	0.0	0.0	242270000.0	199067000.0	113563154.9042632	160.00127871859522	8.867233731592676e-06
4.0	18	"500.  	866.03	 20.  "	10.0	1	0.0		49	0	0.0	0.0	1514175.3987235078	0.0	0.0	242270000.0	199067000.0	115077330.30298671	160.00127871859522	5.911489154395118e-07
5.0	0	"-500.  	-866.03	  20.  "	10.0	1	0.0		49	0	0.0	0.0	1514175.3987235078	0.0	0.0	242270000.0	199067000.0	116591505.70171022	160.00127871859522	3.9409927695967453e-08
5.0	1	"   0.  	-866.03	  20.  "	10.0	1	0.0		49	0	0.0	0.0	1514175.3987235078	0.0	0.0	242270000.0	199067000.0	118105681.10043374	160.00127871859522	2.627328513064497e-09
5.0	2	" 500.  	-866.03	  20.  "	10.0	1	0.0		49	0	0.0	0.0	1514175.3987235078	0.0	0.0	242270000.0	199067000.0	119619856.49915725	160.00127871859522	1.751552342042998e-10
5.0	3	"-750.  	-433.01	  20.  "	10.0	1	0.0		49	0	0.0	0.0	1514175.3987235078	0.0	0.0	242270000.0	199067000.0	121134031.89788076	160.00127871859522	1.1677015613619987e-11
5.0	4	"-250.  	-433.01	  20.  "	10.0	1	0.0		49	2	9082000.0	4541000.0	1514175.3987235078	5.997984122352259	0.30273333333333335	251352000.0	203608000.0	122648207.29660428	165.99926284094747	0.02018222222300069
5.0	5	" 250.  	-433.01	  20.  "	10.0	1	0.0		49	1	2344000.0	2344000.0	1514175.3987235078	1.548037302663917	0.07813333333333333	253696000.0	205952000.0	124162382.69532779	167.54730014361138	0.006554370370422268
5.0	6	" 750.  	-433.01	  20.  "	10.0	1	0.0		49	1	13262000.0	13262000.0	1514175.3987235078	8.758562588706855	0.44206666666666666	266958000.0	219214000.0	125676558.0940513	176.30586273231825	0.029908069135805928
5.0	7	"-1000.	    0.	   20."	10.0	1	0.0		49	1	2344000.0	2344000.0	1514175.3987235078	1.548037302663917	0.07813333333333333	269302000.0	221558000.0	127190733.49277481	177.85390003498216	0.007202760164609284
5.0	8	"-500.	   0.	  20."	10.0	1	0.0		49	1	2344000.0	2344000.0	1514175.3987235078	1.548037302663917	0.07813333333333333	271646000.0	223902000.0	128704908.89149833	179.40193733764607	0.005689072899862841
5.0	9	" 0.	 0.	20."	10.0	1	0.0		49	2	12519500.0	6259750.0	1514175.3987235078	8.268196676920184	0.4173166666666666	284165500.0	230161750.0	130219084.29022184	187.67013401456626	0.028200382637768633
5.0	10	"500.	  0.	 20."	10.0	1	0.0		49	0	0.0	0.0	1514175.3987235078	0.0	0.0	284165500.0	230161750.0	131733259.68894535	187.67013401456626	0.0018800255091845756
5.0	11	"1000.	   0.	  20."	10.0	1	0.0		49	1	2344000.0	2344000.0	1514175.3987235078	1.548037302663917	0.07813333333333333	286509500.0	232505750.0	133247435.08766887	189.21817131723017	0.0053342239228345275
5.0	12	"-750.  	 433.01	  20.  "	10.0	1	0.0		49	0	0.0	0.0	1514175.3987235078	0.0	0.0	286509500.0	232505750.0	134761610.48639238	189.21817131723017	0.0003556149281889685
5.0	13	"-250.  	 433.01	  20.  "	10.0	1	0.0		49	1	3066000.0	3066000.0	1514175.3987235078	2.0248644923069836	0.1022	289575500.0	235571750.0	136275785.8851159	191.24303580953716	0.006837040995212598
5.0	14	"250.  	433.01	 20.  "	10.0	1	0.0		49	1	13262000.0	13262000.0	1514175.3987235078	8.758562588706855	0.44206666666666666	302837500.0	248833750.0	137789961.2838394	200.00159839824403	0.029926913844125283
5.0	15	"750.  	433.01	 20.  "	10.0	1	0.0		49	0	0.0	0.0	1514175.3987235078	0.0	0.0	302837500.0	248833750.0	139304136.68256292	200.00159839824403	0.0019951275896083523
5.0	16	"-500.  	 866.03	  20.  "	10.0	1	0.0		49	0	0.0	0.0	1514175.3987235078	0.0	0.0	302837500.0	248833750.0	140818312.08128643	200.00159839824403	0.00013300850597389014
5.0	17	"  0.  	866.03	 20.  "	10.0	1	0.0		49	0	0.0	0.0	1514175.3987235078	0.0	0.0	302837500.0	248833750.0	142332487.48000994	200.00159839824403	8.867233731592676e-06
5.0	18	"500.  	866.03	 20.  "	10.0	1	0.0		49	0	0.0	0.0	1514175.3987235078	0.0	0.0	302837500.0	248833750.0	143846662.87873346	200.00159839824403	5.911489154395118e-07
6.0	0	"-500.  	-866.03	  20.  "	10.0	1	0.0		49	0	0.0	0.0	1514175.3987235078	0.0	0.0	302837500.0	248833750.0	145360838.27745697	200.00159839824403	3.9409927695967453e-08
6.0	1	"   0.  	-866.03	  20.  "	10.0	1	0.0		49	0	0.0	0.0	1514175.3987235078	0.0	0.0	302837500.0	248833750.0	146875013.67618048	200.00159839824403	2.627328513064497e-09
6.0	2	" 500.  	-866.03	  20.  "	10.0	1	0.0		49	0	0.0	0.0	1514175.3987235078	0.0	0.0	302837500.0	248833750.0	148389189.074904	200.00159839824403	1.751552342042998e-10
6.0	3	"-750.  	-433.01	  20.  "	10.0	1	0.0		49	0	0.0	0.0	1514175.3987235078	0.0	0.0	302837500.0	248833750.0	149903364.4736275	200.00159839824403	1.1677015613619987e-11
6.0	4	"-250.  	-433.01	  20.  "	10.0	1	0.0		49	2	9082000.0	4541000.0	1514175.3987235078	5.997984122352259	0.30273333333333335	311919500.0	253374750.0	151417539.87235102	205.99958252059628	0.02018222222300069
6.0	5	" 250.  	-433.01	  20.  "	10.0	1	0.0		49	1	2344000.0	2344000.0	1514175.3987235078	1.548037302663917	0.07813333333333333	314263500.0	255718750.0	152931715.27107453	207.5476198232602	0.006554370370422268
6.0	6	" 750.  	-433.01	  20.  "	10.0	1	0.0		49	1	13262000.0	13262000.0	1514175.3987235078	8.758562588706855	0.44206666666666666	327525500.0	268980750.0	154445890.66979805	216.30618241196706	0.029908069135805928
6.0	7	"-1000.	    0.	   20."	10.0	1	0.0		49	1	2344000.0	2344000.0	1514175.3987235078	1.548037302663917	0.07813333333333333	329869500.0	271324750.0	155960066.06852156	217.85421971463097	0.007202760164609284
6.0	8	"-500.	   0.	  20."	10.0	1	0.0		49	1	2344000.0	2344000.0	1514175.3987235078	1.548037302663917	0.07813333333333333	332213500.0	273668750.0	157474241.46724507	219.4022570172949	0.005689072899862841
6.0	9	" 0.	 0.	20."	10.0	1	0.0		49	2	12519500.0	6259750.0	1514175.3987235078	8.268196676920184	0.4173166666666666	344733000.0	279928500.0	158988416.86596859	227.67045369421507	0.028200382637768633
6.0	10	"500.	  0.	 20."	10.0	1	0.0		49	0	0.0	0.0	1514175.3987235078	0.0	0.0	344733000.0	279928500.0	160502592.2646921	227.67045369421507	0.0018800255091845756
6.0	11	"1000.	   0.	  20."	10.0	1	0.0		49	1	2344000.0	2344000.0	1514175.3987235078	1.548037302663917	0.07813333333333333	347077000.0	282272500.0	162016767.6634156	229.21849099687898	0.0053342239228345275
6.0	12	"-750.  	 433.01	  20.  "	10.0	1	0.0		49	0	0.0	0.0	1514175.3987235078	0.0	0.0	347077000.0	282272500.0	163530943.06213912	229.21849099687898	0.0003556149281889685
6.0	13	"-250.  	 433.01	  20.  "	10.0	1	0.0		49	1	3066000.0	3066000.0	1514175.3987235078	2.0248644923069836	0.1022	350143000.0	285338500.0	165045118.46086264	231.24335548918597	0.006837040995212598
6.0	14	"250.  	433.01	 20.  "	10.0	1	0.0		49	1	13262000.0	13262000.0	1514175.3987235078	8.758562588706855	0.44206666666666666	363405000.0	298600500.0	166559293.85958615	240.00191807789284	0.029926913844125283
6.0	15	"750.  	433.01	 20.  "	10.0	1	0.0		49	0	0.0	0.0	1514175.3987235078	0.0	0.0	363405000.0	298600500.0	168073469.25830966	240.00191807789284	0.0019951275896083523
6.0	16	"-500.  	 866.03	  20.  "	10.0	1	0.0		49	0	0.0	0.0	1514175.3987235078	0.0	0.0	363405000.0	298600500.0	169587644.65703318	240.00191807789284	0.00013300850597389014
6.0	17	"  0.  	866.03	 20.  "	10.0	1	0.0		49	0	0.0	0.0	1514175.3987235078	0.0	0.0	363405000.0	298600500.0	171101820.0557567	240.00191807789284	8.867233731592676e-06
6.0	18	"500.  	866.03	 20.  "	10.0	1	0.0		49	0	0.0	0.0	1514175.3987235078	0.0	0.0	363405000.0	298600500.0	172615995.4544802	240.00191807789284	5.911489154395118e-07
7.0	0	"-500.  	-866.03	  20.  "	10.0	1	0.0		49	0	0.0	0.0	1514175.3987235078	0.0	0.0	363405000.0	298600500.0	174130170.8532037	240.00191807789284	3.9409927695967453e-08
7.0	1	"   0.  	-866.03	  20.  "	10.0	1	0.0		49	0	0.0	0.0	1514175.3987235078	0.0	0.0	363405000.0	298600500.0	175644346.25192723	240.00191807789284	2.627328513064497e-09
7.0	2	" 500.  	-866.03	  20.  "	10.0	1	0.0		49	0	0.0	0.0	1514175.3987235078	0.0	0.0	363405000.0	298600500.0	177158521.65065074	240.00191807789284	1.751552342042998e-10
7.0	3	"-750.  	-433.01	  20.  "	10.0	1	0.0		49	0	0.0	0.0	1514175.3987235078	0.0	0.0	363405000.0	298600500.0	178672697.04937425	240.00191807789284	1.1677015613619987e-11
7.0	4	"-250.  	-433.01	  20.  "	10.0	1	0.0		49	2	9082000.0	4541000.0	1514175.3987235078	5.997984122352259	0.30273333333333335	372487000.0	303141500.0	180186872.44809777	245.9999022002451	0.02018222222300069
7.0	5	" 250.  	-433.01	  20.  "	10.0	1	0.0		49	1	2344000.0	2344000.0	1514175.3987235078	1.548037302663917	0.07813333333333333	374831000.0	305485500.0	181701047.84682128	247.547939502909	0.006554370370422268
7.0	6	" 750.  	-433.01	  20.  "	10.0	1	0.0		49	1	13262000.0	13262000.0	1514175.3987235078	8.758562588706855	0.44206666666666666	388093000.0	318747500.0	183215223.2455448	256.30650209161587	0.029908069135805928
7.0	7	"-1000.	    0.	   20."	10.0	1	0.0		49	1	2344000.0	2344000.0	1514175.3987235078	1.548037302663917	0.07813333333333333	390437000.0	321091500.0	184729398.6442683	257.8545393942798	0.007202760164609284
7.0	8	"-500.	   0.	  20."	10.0	1	0.0		49	1	2344000.0	2344000.0	1514175.3987235078	1.548037302663917	0.07813333333333333	392781000.0	323435500.0	186243574.04299182	259.40257669694375	0.005689072899862841
7.0	9	" 0.	 0.	20."	10.0	1	0.0		49	2	12519500.0	6259750.0	1514175.3987235078	8.268196676920184	0.4173166666666666	405300500.0	329695250.0	187757749.44171533	267.67077337386394	0.028200382637768633
7.0	10	"500.	  0.	 20."	10.0	1	0.0		49	0	0.0	0.0	1514175.3987235078	0.0	0.0	405300500.0	329695250.0	189271924.84043884	267.67077337386394	0.0018800255091845756
7.0	11	"1000.	   0.	  20."	10.0	1	0.0		49	1	2344000.0	2344000.0	1514175.3987235078	1.548037302663917	0.07813333333333333	407644500.0	332039250.0	190786100.23916236	269.2188106765279	0.0053342239228345275
7.0	12	"-750.  	 433.01	  20.  "	10.0	1	0.0		49	0	0.0	0.0	1514175.3987235078	0.0	0.0	407644500.0	332039250.0	192300275.63788587	269.2188106765279	0.0003556149281889685
7.0	13	"-250.  	 433.01	  20.  "	10.0	1	0.0		49	1	3066000.0	3066000.0	1514175.3987235078	2.0248644923069836	0.1022	410710500.0	335105250.0	193814451.03660938	271.24367516883484	0.006837040995212598
7.0	14	"250.  	433.01	 20.  "	10.0	1	0.0		49	1	13262000.0	13262000.0	1514175.3987235078	8.758562588706855	0.44206666666666666	423972500.0	348367250.0	195328626.4353329	280.0022377575417	0.029926913844125283
7.0	15	"750.  	433.01	 20.  "	10.0	1	0.0		49	0	0.0	0.0	1514175.3987235078	0.0	0.0	423972500.0	348367250.0	196842801.8340564	280.0022377575417	0.0019951275896083523
7.0	16	"-500.  	 866.03	  20.  "	10.0	1	0.0		49	0	0.0	0.0	1514175.3987235078	0.0	0.0	423972500.0	348367250.0	198356977.23277992	280.0022377575417	0.00013300850597389014
7.0	17	"  0.  	866.03	 20.  "	10.0	1	0.0		49	0	0.0	0.0	1514175.3987235078	0.0	0.0	423972500.0	348367250.0	199871152.63150343	280.0022377575417	8.867233731592676e-06
7.0	18	"500.  	866.03	 20.  "	10.0	1	0.0		49	0	0.0	0.0	1514175.3987235078	0.0	0.0	423972500.0	348367250.0	201385328.03022695	280.0022377575417	5.911489154395118e-07
8.0	0	"-500.  	-866.03	  20.  "	10.0	1	0.0		49	0	0.0	0.0	1514175.3987235078	0.0	0.0	423972500.0	348367250.0	202899503.42895046	280.0022377575417	3.9409927695967453e-08
8.0	1	"   0.  	-866.03	  20.  "	10.0	1	0.0		49	0	0.0	0.0	1514175.3987235078	0.0	0.0	423972500.0	348367250.0	204413678.82767397	280.0022377575417	2.627328513064497e-09
8.0	2	" 500.  	-866.03	  20.  "	10.0	1	0.0		49	0	0.0	0.0	1514175.3987235078	0.0	0.0	423972500.0	348367250.0	205927854.22639748	280.0022377575417	1.751552342042998e-10
8.0	3	"-750.  	-433.01	  20.  "	10.0	1	0.0		49	0	0.0	0.0	1514175.3987235078	0.0	0.0	423972500.0	348367250.0	207442029.625121	280.0022377575417	1.1677015613619987e-11
8.0	4	"-250.  	-433.01	  20.  "	10.0	1	0.0		49	2	9082000.0	4541000.0	1514175.3987235078	5.997984122352259	0.30273333333333335	433054500.0	352908250.0	208956205.0238445	286.00022187989396	0.02018222222300069
8.0	5	" 250.  	-433.01	  20.  "	10.0	1	0.0		49	1	2344000.0	2344000.0	1514175.3987235078	1.548037302663917	0.07813333333333333	435398500.0	355252250.0	210470380.42256802	287.5482591825579	0.006554370370422268
8.0	6	" 750.  	-433.01	  20.  "	10.0	1	0.0		49	1	13262000.0	13262000.0	1514175.3987235078	8.758562588706855	0.44206666666666666	448660500.0	368514250.0	211984555.82129154	296.30682177126477	0.029908069135805928
8.0	7	"-1000.	    0.	   20."	10.0	1	0.0		49	1	2344000.0	2344000.0	1514175.3987235078	1.548037302663917	0.07813333333333333	451004500.0	370858250.0	213498731.22001505	297.8548590739287	0.007202760164609284
8.0	8	"-500.	   0.	  20."	10.0	1	0.0		49	1	2344000.0	2344000.0	1514175.3987235078	1.548037302663917	0.07813333333333333	453348500.0	373202250.0	215012906.61873856	299.40289637659265	0.005689072899862841
8.0	9	" 0.	 0.	20."	10.0	1	0.0		49	2	12519500.0	6259750.0	1514175.3987235078	8.268196676920184	0.4173166666666666	465868000.0	379462000.0	216527082.01746207	307.67109305351283	0.028200382637768633
8.0	10	"500.	  0.	 20."	10.0	1	0.0		49	0	0.0	0.0	1514175.3987235078	0.0	0.0	465868000.0	379462000.0	218041257.4161856	307.67109305351283	0.0018800255091845756
8.0	11	"1000.	   0.	  20."	10.0	1	0.0		49	1	2344000.0	2344000.0	1514175.3987235078	1.548037302663917	0.07813333333333333	468212000.0	381806000.0	219555432.8149091	309.2191303561768	0.0053342239228345275
8.0	12	"-750.  	 433.01	  20.  "	10.0	1	0.0		49	0	0.0	0.0	1514175.3987235078	0.0	0.0	468212000.0	381806000.0	221069608.2136326	309.2191303561768	0.0003556149281889685
8.0	13	"-250.  	 433.01	  20.  "	10.0	1	0.0		49	1	3066000.0	3066000.0	1514175.3987235078	2.0248644923069836	0.1022	471278000.0	384872000.0	222583783.61235613	311.24399484848374	0.006837040995212598
8.0	14	"250.  	433.01	 20.  "	10.0	1	0.0		49	1	13262000.0	13262000.0	1514175.3987235078	8.758562588706855	0.44206666666666666	484540000.0	398134000.0	224097959.01107964	320.0025574371906	0.029926913844125283
8.0	15	"750.  	433.01	 20.  "	10.0	1	0.0		49	0	0.0	0.0	1514175.3987235078	0.0	0.0	484540000.0	398134000.0	225612134.40980315	320.0025574371906	0.0019951275896083523
8.0	16	"-500.  	 866.03	  20.  "	10.0	1	0.0		49	0	0.0	0.0	1514175.3987235078	0.0	0.0	484540000.0	398134000.0	227126309.80852666	320.0025574371906	0.00013300850597389014
8.0	17	"  0.  	866.03	 20.  "	10.0	1	0.0		49	0	0.0	0.0	1514175.3987235078	0.0	0.0	484540000.0	398134000.0	228640485.20725018	320.0025574371906	8.867233731592676e-06
8.0	18	"500.  	866.03	 20.  "	10.0	1	0.0		49	0	0.0	0.0	1514175.3987235078	0.0	0.0	484540000.0	398134000.0	230154660.6059737	320.0025574371906	5.911489154395118e-07
9.0	0	"-500.  	-866.03	  20.  "	10.0	1	0.0		49	0	0.0	0.0	1514175.3987235078	0.0	0.0	484540000.0	398134000.0	231668836.0046972	320.0025574371906	3.9409927695967453e-08
9.0	1	"   0.  	-866.03	  20.  "	10.0	1	0.0		49	0	0.0	0.0	1514175.3987235078	0.0	0.0	484540000.0	398134000.0	233183011.40342072	320.0025574371906	2.627328513064497e-09
9.0	2	" 500.  	-866.03	  20.  "	10.0	1	0.0		49	0	0.0	0.0	1514175.3987235078	0.0	0.0	484540000.0	398134000.0	234697186.80214423	320.0025574371906	1.751552342042998e-10
9.0	3	"-750.  	-433.01	  20.  "	10.0	1	0.0		49	0	0.0	0.0	1514175.3987235078	0.0	0.0	484540000.0	398134000.0	236211362.20086774	320.0025574371906	1.1677015613619987e-11
9.0	4	"-250.  	-433.01	  20.  "	10.0	1	0.0		49	2	9082000.0	4541000.0	1514175.3987235078	5.997984122352259	0.30273333333333335	493622000.0	402675000.0	237725537.59959126	326.00054155954285	0.02018222222300069
9.0	5	" 250.  	-433.01	  20.  "	10.0	1	0.0		49	1	2344000.0	2344000.0	1514175.3987235078	1.548037302663917	0.07813333333333333	495966000.0	405019000.0	239239712.99831477	327.5485788622068	0.006554370370422268
9.0	6	" 750.  	-433.01	  20.  "	10.0	1	0.0		49	1	13262000.0	13262000.0	1514175.3987235078	8.758562588706855	0.44206666666666666	509228000.0	418281000.0	240753888.39703828	336.30714145091366	0.029908069135805928
9.0	7	"-1000.	    0.	   20."	10.0	1	0.0		49	1	2344000.0	2344000.0	1514175.3987235078	1.548037302663917	0.07813333333333333	511572000.0	420625000.0	242268063.7957618	337.8551787535776	0.007202760164609284
9.0	8	"-500.	   0.	  20."	10.0	1	0.0		49	1	2344000.0	2344000.0	1514175.3987235078	1.548037302663917	0.07813333333333333	513916000.0	422969000.0	243782239.1944853	339.40321605624155	0.005689072899862841
9.0	9	" 0.	 0.	20."	10.0	1	0.0		49	2	12519500.0	6259750.0	1514175.3987235078	8.268196676920184	0.4173166666666666	526435500.0	429228750.0	245296414.59320882	347.67141273316173	0.028200382637768633
9.0	10	"500.	  0.	 20."	10.0	1	0.0		49	0	0.0	0.0	1514175.3987235078	0.0	0.0	526435500.0	429228750.0	246810589.99193233	347.67141273316173	0.0018800255091845756
9.0	11	"1000.	   0.	  20."	10.0	1	0.0		49	1	2344000.0	2344000.0	1514175.3987235078	1.548037302663917	0.07813333333333333	528779500.0	431572750.0	248324765.39065585	349.2194500358257	0.0053342239228345275
9.0	12	"-750.  	 433.01	  20.  "	10.0	1	0.0		49	0	0.0	0.0	1514175.3987235078	0.0	0.0	528779500.0	431572750.0	249838940.78937936	349.2194500358257	0.0003556149281889685
9.0	13	"-250.  	 433.01	  20.  "	10.0	1	0.0		49	1	3066000.0	3066000.0	1514175.3987235078	2.0248644923069836	0.1022	531845500.0	434638750.0	251353116.18810287	351.24431452813263	0.006837040995212598
9.0	14	"250.  	433.01	 20.  "	10.0	1	0.0		49	1	13262000.0	13262000.0	1514175.3987235078	8.758562588706855	0.44206666666666666	545107500.0	447900750.0	252867291.58682638	360.0028771168395	0.029926913844125283
9.0	15	"750.  	433.01	 20.  "	10.0	1	0.0		49	0	0.0	0.0	1514175.3987235078	0.0	0.0	545107500.0	447900750.0	254381466.9855499	360.0028771168395	0.0019951275896083523
9.0	16	"-500.  	 866.03	  20.  "	10.0	1	0.0		49	0	0.0	0.0	1514175.3987235078	0.0	0.0	545107500.0	447900750.0	255895642.3842734	360.0028771168395	0.00013300850597389014
9.0	17	"  0.  	866.03	 20.  "	10.0	1	0.0		49	0	0.0	0.0	1514175.3987235078	0.0	0.0	545107500.0	447900750.0	257409817.78299692	360.0028771168395	8.867233731592676e-06
9.0	18	"500.  	866.03	 20.  "	10.0	1	0.0		49	0	0.0	0.0	1514175.3987235078	0.0	0.0	545107500.0	447900750.0	258923993.18172044	360.0028771168395	5.911489154395118e-07
10.0	0	"-500.  	-866.03	  20.  "	10.0	1	0.0		49	0	0.0	0.0	1514175.3987235078	0.0	0.0	545107500.0	447900750.0	260438168.58044395	360.0028771168395	3.9409927695967453e-08
10.0	1	"   0.  	-866.03	  20.  "	10.0	1	0.0		49	0	0.0	0.0	1514175.3987235078	0.0	0.0	545107500.0	447900750.0	261952343.97916746	360.0028771168395	2.627328513064497e-09
10.0	2	" 500.  	-866.03	  20.  "	10.0	1	0.0		49	0	0.0	0.0	1514175.3987235078	0.0	0.0	545107500.0	447900750.0	263466519.37789097	360.0028771168395	1.751552342042998e-10
10.0	3	"-750.  	-433.01	  20.  "	10.0	1	0.0		49	0	0.0	0.0	1514175.3987235078	0.0	0.0	545107500.0	447900750.0	264980694.7766145	360.0028771168395	1.1677015613619987e-11
10.0	4	"-250.  	-433.01	  20.  "	10.0	1	0.0		49	2	9082000.0	4541000.0	1514175.3987235078	5.997984122352259	0.30273333333333335	554189500.0	452441750.0	266494870.175338	366.00086123919175	0.02018222222300069
10.0	5	" 250.  	-433.01	  20.  "	10.0	1	0.0		49	1	2344000.0	2344000.0	1514175.3987235078	1.548037302663917	0.07813333333333333	556533500.0	454785750.0	268009045.5740615	367.5488985418557	0.006554370370422268
10.0	6	" 750.  	-433.01	  20.  "	10.0	1	0.0		49	1	13262000.0	13262000.0	1514175.3987235078	8.758562588706855	0.44206666666666666	569795500.0	468047750.0	269523220.972785	376.30746113056256	0.029908069135805928
10.0	7	"-1000.	    0.	   20."	10.0	1	0.0		49	1	2344000.0	2344000.0	1514175.3987235078	1.548037302663917	0.07813333333333333	572139500.0	470391750.0	271037396.3715085	377.8554984332265	0.007202760164609284
10.0	8	"-500.	   0.	  20."	10.0	1	0.0		49	1	2344000.0	2344000.0	1514175.3987235078	1.548037302663917	0.07813333333333333	574483500.0	472735750.0	272551571.77023196	379.40353573589044	0.005689072899862841
10.0	9	" 0.	 0.	20."	10.0	1	0.0		49	2	12519500.0	6259750.0	1514175.3987235078	8.268196676920184	0.4173166666666666	587003000.0	478995500.0	274065747.16895545	387.6717324128106	0.028200382637768633
10.0	10	"500.	  0.	 20."	10.0	1	0.0		49	0	0.0	0.0	1514175.3987235078	0.0	0.0	587003000.0	478995500.0	275579922.5676789	387.6717324128106	0.0018800255091845756
10.0	11	"1000.	   0.	  20."	10.0	1	0.0		49	1	2344000.0	2344000.0	1514175.3987235078	1.548037302663917	0.07813333333333333	589347000.0	481339500.0	277094097.9664024	389.21976971547457	0.0053342239228345275
10.0	12	"-750.  	 433.01	  20.  "	10.0	1	0.0		49	0	0.0	0.0	1514175.3987235078	0.0	0.0	589347000.0	481339500.0	278608273.3651259	389.21976971547457	0.0003556149281889685
10.0	13	"-250.  	 433.01	  20.  "	10.0	1	0.0		49	1	3066000.0	3066000.0	1514175.3987235078	2.0248644923069836	0.1022	592413000.0	484405500.0	280122448.7638494	391.24463420778153	0.006837040995212598
10.0	14	"250.  	433.01	 20.  "	10.0	1	0.0		49	1	13262000.0	13262000.0	1514175.3987235078	8.758562588706855	0.44206666666666666	605675000.0	497667500.0	281636624.16257286	400.0031967964884	0.029926913844125283
10.0	15	"750.  	433.01	 20.  "	10.0	1	0.0		49	0	0.0	0.0	1514175.3987235078	0.0	0.0	605675000.0	497667500.0	283150799.56129634	400.0031967964884	0.0019951275896083523
10.0	16	"-500.  	 866.03	  20.  "	10.0	1	0.0		49	0	0.0	0.0	1514175.3987235078	0.0	0.0	605675000.0	497667500.0	284664974.9600198	400.0031967964884	0.00013300850597389014
10.0	17	"  0.  	866.03	 20.  "	10.0	1	0.0		49	0	0.0	0.0	1514175.3987235078	0.0	0.0	605675000.0	497667500.0	286179150.3587433	400.0031967964884	8.867233731592676e-06
10.0	18	"500.  	866.03	 20.  "	10.0	1	0.0		49	0	0.0	0.0	1514175.3987235078	0.0	0.0	605675000.0	497667500.0	287693325.7574668	400.0031967964884	5.911489154395118e-07
11.0	0	"-500.  	-866.03	  20.  "	10.0	1	0.0		49	0	0.0	0.0	1514175.3987235078	0.0	0.0	605675000.0	497667500.0	289207501.1561903	400.0031967964884	3.9409927695967453e-08
11.0	1	"   0.  	-866.03	  20.  "	10.0	1	0.0		49	0	0.0	0.0	1514175.3987235078	0.0	0.0	605675000.0	497667500.0	290721676.55491376	400.0031967964884	2.627328513064497e-09
11.0	2	" 500.  	-866.03	  20.  "	10.0	1	0.0		49	0	0.0	0.0	1514175.3987235078	0.0	0.0	605675000.0	497667500.0	292235851.95363724	400.0031967964884	1.751552342042998e-10
11.0	3	"-750.  	-433.01	  20.  "	10.0	1	0.0		49	0	0.0	0.0	1514175.3987235078	0.0	0.0	605675000.0	497667500.0	293750027.3523607	400.0031967964884	1.1677015613619987e-11
11.0	4	"-250.  	-433.01	  20.  "	10.0	1	0.0		49	2	9082000.0	4541000.0	1514175.3987235078	5.997984122352259	0.30273333333333335	614757000.0	502208500.0	295264202.7510842	406.00118091884065	0.02018222222300069
11.0	5	" 250.  	-433.01	  20.  "	10.0	1	0.0		49	1	2344000.0	2344000.0	1514175.3987235078	1.548037302663917	0.07813333333333333	617101000.0	504552500.0	296778378.1498077	407.5492182215046	0.006554370370422268
11.0	6	" 750.  	-433.01	  20.  "	10.0	1	0.0		49	1	13262000.0	13262000.0	1514175.3987235078	8.758562588706855	0.44206666666666666	630363000.0	517814500.0	298292553.5485312	416.30778081021145	0.029908069135805928
11.0	7	"-1000.	    0.	   20."	10.0	1	0.0		49	1	2344000.0	2344000.0	1514175.3987235078	1.548037302663917	0.07813333333333333	632707000.0	520158500.0	299806728.94725466	417.8558181128754	0.007202760164609284
11.0	8	"-500.	   0.	  20."	10.0	1	0.0		49	1	2344000.0	2344000.0	1514175.3987235078	1.548037302663917	0.07813333333333333	635051000.0	522502500.0	301320904.34597814	419.40385541553934	0.005689072899862841
11.0	9	" 0.	 0.	20."	10.0	1	0.0		49	2	12519500.0	6259750.0	1514175.3987235078	8.268196676920184	0.4173166666666666	647570500.0	528762250.0	302835079.7447016	427.6720520924595	0.028200382637768633
11.0	10	"500.	  0.	 20."	10.0	1	0.0		49	0	0.0	0.0	1514175.3987235078	0.0	0.0	647570500.0	528762250.0	304349255.1434251	427.6720520924595	0.0018800255091845756
11.0	11	"1000.	   0.	  20."	10.0	1	0.0		49	1	2344000.0	2344000.0	1514175.3987235078	1.548037302663917	0.07813333333333333	649914500.0	531106250.0	305863430.5421486	429.22008939512347	0.0053342239228345275
11.0	12	"-750.  	 433.01	  20.  "	10.0	1	0.0		49	0	0.0	0.0	1514175.3987235078	0.0	0.0	649914500.0	531106250.0	307377605.9408721	429.22008939512347	0.0003556149281889685
11.0	13	"-250.  	 433.01	  20.  "	10.0	1	0.0		49	1	3066000.0	3066000.0	1514175.3987235078	2.0248644923069836	0.1022	652980500.0	534172250.0	308891781.33959556	431.2449538874304	0.006837040995212598
11.0	14	"250.  	433.01	 20.  "	10.0	1	0.0		49	1	13262000.0	13262000.0	1514175.3987235078	8.758562588706855	0.44206666666666666	666242500.0	547434250.0	310405956.73831904	440.0035164761373	0.029926913844125283
11.0	15	"750.  	433.01	 20.  "	10.0	1	0.0		49	0	0.0	0.0	1514175.3987235078	0.0	0.0	666242500.0	547434250.0	311920132.1370425	440.0035164761373	0.0019951275896083523
11.0	16	"-500.  	 866.03	  20.  "	10.0	1	0.0		49	0	0.0	0.0	1514175.3987235078	0.0	0.0	666242500.0	547434250.0	313434307.535766	440.0035164761373	0.00013300850597389014
11.0	17	"  0.  	866.03	 20.  "	10.0	1	0.0		49	0	0.0	0.0	1514175.3987235078	0.0	0.0	666242500.0	547434250.0	314948482.9344895	440.0035164761373	8.867233731592676e-06
11.0	18	"500.  	866.03	 20.  "	10.0	1	0.0		49	0	0.0	0.0	1514175.3987235078	0.0	0.0	666242500.0	547434250.0	316462658.333213	440.0035164761373	5.911489154395118e-07
12.0	0	"-500.  	-866.03	  20.  "	10.0	1	0.0		49	0	0.0	0.0	1514175.3987235078	0.0	0.0	666242500.0	547434250.0	317976833.73193645	440.0035164761373	3.9409927695967453e-08
12.0	1	"   0.  	-866.03	  20.  "	10.0	1	0.0		49	0	0.0	0.0	1514175.3987235078	0.0	0.0	666242500.0	547434250.0	319491009.13065994	440.0035164761373	2.627328513064497e-09
12.0	2	" 500.  	-866.03	  20.  "	10.0	1	0.0		49	0	0.0	0.0	1514175.3987235078	0.0	0.0	666242500.0	547434250.0	321005184.5293834	440.0035164761373	1.751552342042998e-10
12.0	3	"-750.  	-433.01	  20.  "	10.0	1	0.0		49	0	0.0	0.0	1514175.3987235078	0.0	0.0	666242500.0	547434250.0	322519359.9281069	440.0035164761373	1.1677015613619987e-11
12.0	4	"-250.  	-433.01	  20.  "	10.0	1	0.0		49	2	9082000.0	4541000.0	1514175.3987235078	5.997984122352259	0.30273333333333335	675324500.0	551975250.0	324033535.3268304	446.00150059848954	0.02018222222300069
12.0	5	" 250.  	-433.01	  20.  "	10.0	1	0.0		49	1	2344000.0	2344000.0	1514175.3987235078	1.548037302663917	0.07813333333333333	677668500.0	554319250.0	325547710.7255539	447.5495379011535	0.006554370370422268
12.0	6	" 750.  	-433.01	  20.  "	10.0	1	0.0		49	1	13262000.0	13262000.0	1514175.3987235078	8.758562588706855	0.44206666666666666	690930500.0	567581250.0	327061886.12427735	456.30810048986035	0.029908069135805928
12.0	7	"-1000.	    0.	   20."	10.0	1	0.0		49	1	2344000.0	2344000.0	1514175.3987235078	1.548037302663917	0.07813333333333333	693274500.0	569925250.0	328576061.52300084	457.8561377925243	0.007202760164609284
12.0	8	"-500.	   0.	  20."	10.0	1	0.0		49	1	2344000.0	2344000.0	1514175.3987235078	1.548037302663917	0.07813333333333333	695618500.0	572269250.0	330090236.9217243	459.40417509518824	0.005689072899862841
12.0	9	" 0.	 0.	20."	10.0	1	0.0		49	2	12519500.0	6259750.0	1514175.3987235078	8.268196676920184	0.4173166666666666	708138000.0	578529000.0	331604412.3204478	467.6723717721084	0.028200382637768633
12.0	10	"500.	  0.	 20."	10.0	1	0.0		49	0	0.0	0.0	1514175.3987235078	0.0	0.0	708138000.0	578529000.0	333118587.7191713	467.6723717721084	0.0018800255091845756
12.0	11	"1000.	   0.	  20."	10.0	1	0.0		49	1	2344000.0	2344000.0	1514175.3987235078	1.548037302663917	0.07813333333333333	710482000.0	580873000.0	334632763.11789477	469.22040907477236	0.0053342239228345275
12.0	12	"-750.  	 433.01	  20.  "	10.0	1	0.0		49	0	0.0	0.0	1514175.3987235078	0.0	0.0	710482000.0	580873000.0	336146938.51661825	469.22040907477236	0.0003556149281889685
12.0	13	"-250.  	 433.01	  20.  "	10.0	1	0.0		49	1	3066000.0	3066000.0	1514175.3987235078	2.0248644923069836	0.1022	713548000.0	583939000.0	337661113.91534173	471.2452735670793	0.006837040995212598
12.0	14	"250.  	433.01	 20.  "	10.0	1	0.0		49	1	13262000.0	13262000.0	1514175.3987235078	8.758562588706855	0.44206666666666666	726810000.0	597201000.0	339175289.3140652	480.0038361557862	0.029926913844125283
12.0	15	"750.  	433.01	 20.  "	10.0	1	0.0		49	0	0.0	0.0	1514175.3987235078	0.0	0.0	726810000.0	597201000.0	340689464.7127887	480.0038361557862	0.0019951275896083523
12.0	16	"-500.  	 866.03	  20.  "	10.0	1	0.0		49	0	0.0	0.0	1514175.3987235078	0.0	0.0	726810000.0	597201000.0	342203640.1115122	480.0038361557862	0.00013300850597389014
12.0	17	"  0.  	866.03	 20.  "	10.0	1	0.0		49	0	0.0	0.0	1514175.3987235078	0.0	0.0	726810000.0	597201000.0	343717815.51023567	480.0038361557862	8.867233731592676e-06
12.0	18	"500.  	866.03	 20.  "	10.0	1	0.0		49	0	0.0	0.0	1514175.3987235078	0.0	0.0	726810000.0	597201000.0	345231990.90895915	480.0038361557862	5.911489154395118e-07
13.0	0	"-500.  	-866.03	  20.  "	10.0	1	0.0		49	0	0.0	0.0	1514175.3987235078	0.0	0.0	726810000.0	597201000.0	346746166.30768263	480.0038361557862	3.9409927695967453e-08
13.0	1	"   0.  	-866.03	  20.  "	10.0	1	0.0		49	0	0.0	0.0	1514175.3987235078	0.0	0.0	726810000.0	597201000.0	348260341.7064061	480.0038361557862	2.627328513064497e-09
13.0	2	" 500.  	-866.03	  20.  "	10.0	1	0.0		49	0	0.0	0.0	1514175.3987235078	0.0	0.0	726810000.0	597201000.0	349774517.1051296	480.0038361557862	1.751552342042998e-10
13.0	3	"-750.  	-433.01	  20.  "	10.0	1	0.0		49	0	0.0	0.0	1514175.3987235078	0.0	0.0	726810000.0	597201000.0	351288692.5038531	480.0038361557862	1.1677015613619987e-11
13.0	4	"-250.  	-433.01	  20.  "	10.0	1	0.0		49	2	9082000.0	4541000.0	1514175.3987235078	5.997984122352259	0.30273333333333335	735892000.0	601742000.0	352802867.90257657	486.00182027813844	0.02018222222300069
13.0	5	" 250.  	-433.01	  20.  "	10.0	1	0.0		49	1	2344000.0	2344000.0	1514175.3987235078	1.548037302663917	0.07813333333333333	738236000.0	604086000.0	354317043.30130005	487.5498575808024	0.006554370370422268
13.0	6	" 750.  	-433.01	  20.  "	10.0	1	0.0		49	1	13262000.0	13262000.0	1514175.3987235078	8.758562588706855	0.44206666666666666	751498000.0	617348000.0	355831218.70002353	496.30842016950925	0.029908069135805928
13.0	7	"-1000.	    0.	   20."	10.0	1	0.0		49	1	2344000.0	2344000.0	1514175.3987235078	1.548037302663917	0.07813333333333333	753842000.0	619692000.0	357345394.098747	497.8564574721732	0.007202760164609284
13.0	8	"-500.	   0.	  20."	10.0	1	0.0		49	1	2344000.0	2344000.0	1514175.3987235078	1.548037302663917	0.07813333333333333	756186000.0	622036000.0	358859569.4974705	499.40449477483713	0.005689072899862841
13.0	9	" 0.	 0.	20."	10.0	1	0.0		49	2	12519500.0	6259750.0	1514175.3987235078	8.268196676920184	0.4173166666666666	768705500.0	628295750.0	360373744.896194	507.6726914517573	0.028200382637768633
13.0	10	"500.	  0.	 20."	10.0	1	0.0		49	0	0.0	0.0	1514175.3987235078	0.0	0.0	768705500.0	628295750.0	361887920.29491746	507.6726914517573	0.0018800255091845756
13.0	11	"1000.	   0.	  20."	10.0	1	0.0		49	1	2344000.0	2344000.0	1514175.3987235078	1.548037302663917	0.07813333333333333	771049500.0	630639750.0	363402095.69364095	509.22072875442126	0.0053342239228345275
13.0	12	"-750.  	 433.01	  20.  "	10.0	1	0.0		49	0	0.0	0.0	1514175.3987235078	0.0	0.0	771049500.0	630639750.0	364916271.09236443	509.22072875442126	0.0003556149281889685
13.0	13	"-250.  	 433.01	  20.  "	10.0	1	0.0		49	1	3066000.0	3066000.0	1514175.3987235078	2.0248644923069836	0.1022	774115500.0	633705750.0	366430446.4910879	511.2455932467282	0.006837040995212598
13.0	14	"250.  	433.01	 20.  "	10.0	1	0.0		49	1	13262000.0	13262000.0	1514175.3987235078	8.758562588706855	0.44206666666666666	787377500.0	646967750.0	367944621.8898114	520.0041558354351	0.029926913844125283
13.0	15	"750.  	433.01	 20.  "	10.0	1	0.0		49	0	0.0	0.0	1514175.3987235078	0.0	0.0	787377500.0	646967750.0	369458797.2885349	520.0041558354351	0.0019951275896083523
13.0	16	"-500.  	 866.03	  20.  "	10.0	1	0.0		49	0	0.0	0.0	1514175.3987235078	0.0	0.0	787377500.0	646967750.0	370972972.68725836	520.0041558354351	0.00013300850597389014
13.0	17	"  0.  	866.03	 20.  "	10.0	1	0.0		49	0	0.0	0.0	1514175.3987235078	0.0	0.0	787377500.0	646967750.0	372487148.08598185	520.0041558354351	8.867233731592676e-06
13.0	18	"500.  	866.03	 20.  "	10.0	1	0.0		49	0	0.0	0.0	1514175.3987235078	0.0	0.0	787377500.0	646967750.0	374001323.4847053	520.0041558354351	5.911489154395118e-07
14.0	0	"-500.  	-866.03	  20.  "	10.0	1	0.0		49	0	0.0	0.0	1514175.3987235078	0.0	0.0	787377500.0	646967750.0	375515498.8834288	520.0041558354351	3.9409927695967453e-08
14.0	1	"   0.  	-866.03	  20.  "	10.0	1	0.0		49	0	0.0	0.0	1514175.3987235078	0.0	0.0	787377500.0	646967750.0	377029674.2821523	520.0041558354351	2.627328513064497e-09
14.0	2	" 500.  	-866.03	  20.  "	10.0	1	0.0		49	0	0.0	0.0	1514175.3987235078	0.0	0.0	787377500.0	646967750.0	378543849.6808758	520.0041558354351	1.751552342042998e-10
14.0	3	"-750.  	-433.01	  20.  "	10.0	1	0.0		49	0	0.0	0.0	1514175.3987235078	0.0	0.0	787377500.0	646967750.0	380058025.07959926	520.0041558354351	1.1677015613619987e-11
14.0	4	"-250.  	-433.01	  20.  "	10.0	1	0.0		49	2	9082000.0	4541000.0	1514175.3987235078	5.997984122352259	0.30273333333333335	796459500.0	651508750.0	381572200.47832274	526.0021399577873	0.02018222222300069
14.0	5	" 250.  	-433.01	  20.  "	10.0	1	0.0		49	1	2344000.0	2344000.0	1514175.3987235078	1.548037302663917	0.07813333333333333	798803500.0	653852750.0	383086375.8770462	527.5501772604513	0.006554370370422268
14.0	6	" 750.  	-433.01	  20.  "	10.0	1	0.0		49	1	13262000.0	13262000.0	1514175.3987235078	8.758562588706855	0.44206666666666666	812065500.0	667114750.0	384600551.2757697	536.3087398491581	0.029908069135805928
14.0	7	"-1000.	    0.	   20."	10.0	1	0.0		49	1	2344000.0	2344000.0	1514175.3987235078	1.548037302663917	0.07813333333333333	814409500.0	669458750.0	386114726.6744932	537.856777151822	0.007202760164609284
14.0	8	"-500.	   0.	  20."	10.0	1	0.0		49	1	2344000.0	2344000.0	1514175.3987235078	1.548037302663917	0.07813333333333333	816753500.0	671802750.0	387628902.0732167	539.404814454486	0.005689072899862841
14.0	9	" 0.	 0.	20."	10.0	1	0.0		49	2	12519500.0	6259750.0	1514175.3987235078	8.268196676920184	0.4173166666666666	829273000.0	678062500.0	389143077.47194016	547.6730111314062	0.028200382637768633
14.0	10	"500.	  0.	 20."	10.0	1	0.0		49	0	0.0	0.0	1514175.3987235078	0.0	0.0	829273000.0	678062500.0	390657252.87066364	547.6730111314062	0.0018800255091845756
14.0	11	"1000.	   0.	  20."	10.0	1	0.0		49	1	2344000.0	2344000.0	1514175.3987235078	1.548037302663917	0.07813333333333333	831617000.0	680406500.0	392171428.2693871	549.2210484340701	0.0053342239228345275
14.0	12	"-750.  	 433.01	  20.  "	10.0	1	0.0		49	0	0.0	0.0	1514175.3987235078	0.0	0.0	831617000.0	680406500.0	393685603.6681106	549.2210484340701	0.0003556149281889685
14.0	13	"-250.  	 433.01	  20.  "	10.0	1	0.0		49	1	3066000.0	3066000.0	1514175.3987235078	2.0248644923069836	0.1022	834683000.0	683472500.0	395199779.0668341	551.2459129263771	0.006837040995212598
14.0	14	"250.  	433.01	 20.  "	10.0	1	0.0		49	1	13262000.0	13262000.0	1514175.3987235078	8.758562588706855	0.44206666666666666	847945000.0	696734500.0	396713954.4655576	560.0044755150839	0.029926913844125283
14.0	15	"750.  	433.01	 20.  "	10.0	1	0.0		49	0	0.0	0.0	1514175.3987235078	0.0	0.0	847945000.0	696734500.0	398228129.86428106	560.0044755150839	0.0019951275896083523
14.0	16	"-500.  	 866.03	  20.  "	10.0	1	0.0		49	0	0.0	0.0	1514175.3987235078	0.0	0.0	847945000.0	696734500.0	399742305.26300454	560.0044755150839	0.00013300850597389014
14.0	17	"  0.  	866.03	 20.  "	10.0	1	0.0		49	0	0.0	0.0	1514175.3987235078	0.0	0.0	847945000.0	696734500.0	401256480.661728	560.0044755150839	8.867233731592676e-06
14.0	18	"500.  	866.03	 20.  "	10.0	1	0.0		49	0	0.0	0.0	1514175.3987235078	0.0	0.0	847945000.0	696734500.0	402770656.0604515	560.0044755150839	5.911489154395118e-07
