time,cell,cell_dBm,n_UEs,tp_bps,Energy(J),EE,SE
1.0,0,49,0,0.0,1514175.4,0.0,0.05
1.0,1,49,1,10273000.0,1514175.4,6.78,0.05
1.0,2,49,0,0.0,1514175.4,0.0,0.05
1.0,3,49,1,2344000.0,1514175.4,1.55,0.05
1.0,4,49,0,0.0,1514175.4,0.0,0.05
1.0,5,49,0,0.0,1514175.4,0.0,0.05
1.0,6,49,2,17353500.0,1514175.4,11.46,0.05
1.0,7,49,0,0.0,1514175.4,0.0,0.05
1.0,8,49,1,2344000.0,1514175.4,1.55,0.05
1.0,9,49,1,3066000.0,1514175.4,2.02,0.05
1.0,10,49,0,0.0,1514175.4,0.0,0.05
1.0,11,49,2,9834000.0,1514175.4,6.49,0.05
1.0,12,49,0,0.0,1514175.4,0.0,0.05
1.0,13,49,0,0.0,1514175.4,0.0,0.05
1.0,14,49,0,0.0,1514175.4,0.0,0.05
1.0,15,49,0,0.0,1514175.4,0.0,0.05
1.0,16,49,0,0.0,1514175.4,0.0,0.05
1.0,17,49,1,10273000.0,1514175.4,6.78,0.05
1.0,18,49,1,7402000.0,1514175.4,4.89,0.05
2.0,0,49,0,0.0,1514175.4,0.0,0.05
2.0,1,49,1,10273000.0,1514175.4,6.78,0.05
2.0,2,49,0,0.0,1514175.4,0.0,0.05
2.0,3,49,1,2344000.0,1514175.4,1.55,0.05
2.0,4,49,0,0.0,1514175.4,0.0,0.05
2.0,5,49,0,0.0,1514175.4,0.0,0.05
2.0,6,49,2,17353500.0,1514175.4,11.46,0.05
2.0,7,49,0,0.0,1514175.4,0.0,0.05
2.0,8,49,1,2344000.0,1514175.4,1.55,0.05
2.0,9,49,1,3066000.0,1514175.4,2.02,0.05
2.0,10,49,0,0.0,1514175.4,0.0,0.05
2.0,11,49,2,9834000.0,1514175.4,6.49,0.05
2.0,12,49,0,0.0,1514175.4,0.0,0.05
2.0,13,49,0,0.0,1514175.4,0.0,0.05
2.0,14,49,0,0.0,1514175.4,0.0,0.05
2.0,15,49,0,0.0,1514175.4,0.0,0.05
2.0,16,49,0,0.0,1514175.4,0.0,0.05
2.0,17,49,1,10273000.0,1514175.4,6.78,0.05
2.0,18,49,1,7402000.0,1514175.4,4.89,0.05
3.0,0,49,0,0.0,1514175.4,0.0,0.05
3.0,1,49,1,10273000.0,1514175.4,6.78,0.05
3.0,2,49,0,0.0,1514175.4,0.0,0.05
3.0,3,49,1,2344000.0,1514175.4,1.55,0.05
3.0,4,49,0,0.0,1514175.4,0.0,0.05
3.0,5,49,0,0.0,1514175.4,0.0,0.05
3.0,6,49,2,17353500.0,1514175.4,11.46,0.05
3.0,7,49,0,0.0,1514175.4,0.0,0.05
3.0,8,49,1,2344000.0,1514175.4,1.55,0.05
3.0,9,49,1,3066000.0,1514175.4,2.02,0.05
3.0,10,49,0,0.0,1514175.4,0.0,0.05
3.0,11,49,2,9834000.0,1514175.4,6.49,0.05
3.0,12,49,0,0.0,1514175.4,0.0,0.05
3.0,13,49,0,0.0,1514175.4,0.0,0.05
3.0,14,49,0,0.0,1514175.4,0.0,0.05
3.0,15,49,0,0.0,1514175.4,0.0,0.05
3.0,16,49,0,0.0,1514175.4,0.0,0.05
3.0,17,49,1,10273000.0,1514175.4,6.78,0.05
3.0,18,49,1,7402000.0,1514175.4,4.89,0.05
4.0,0,49,0,0.0,1514175.4,0.0,0.05
4.0,1,49,1,10273000.0,1514175.4,6.78,0.05
4.0,2,49,0,0.0,1514175.4,0.0,0.05
4.0,3,49,1,2344000.0,1514175.4,1.55,0.05
4.0,4,49,0,0.0,1514175.4,0.0,0.05
4.0,5,49,0,0.0,1514175.4,0.0,0.05
4.0,6,49,2,17353500.0,1514175.4,11.46,0.05
4.0,7,49,0,0.0,1514175.4,0.0,0.05
4.0,8,49,1,2344000.0,1514175.4,1.55,0.05
4.0,9,49,1,3066000.0,1514175.4,2.02,0.05
4.0,10,49,0,0.0,1514175.4,0.0,0.05
4.0,11,49,2,9834000.0,1514175.4,6.49,0.05
4.0,12,49,0,0.0,1514175.4,0.0,0.05
4.0,13,49,0,0.0,1514175.4,0.0,0.05
4.0,14,49,0,0.0,1514175.4,0.0,0.05
4.0,15,49,0,0.0,1514175.4,0.0,0.05
4.0,16,49,0,0.0,1514175.4,0.0,0.05
4.0,17,49,1,10273000.0,1514175.4,6.78,0.05
4.0,18,49,1,7402000.0,1514175.4,4.89,0.05
5.0,0,49,0,0.0,1514175.4,0.0,0.05
5.0,1,49,1,10273000.0,1514175.4,6.78,0.05
5.0,2,49,0,0.0,1514175.4,0.0,0.05
5.0,3,49,1,2344000.0,1514175.4,1.55,0.05
5.0,4,49,0,0.0,1514175.4,0.0,0.05
5.0,5,49,0,0.0,1514175.4,0.0,0.05
5.0,6,49,2,17353500.0,1514175.4,11.46,0.05
5.0,7,49,0,0.0,1514175.4,0.0,0.05
5.0,8,49,1,2344000.0,1514175.4,1.55,0.05
5.0,9,49,1,3066000.0,1514175.4,2.02,0.05
5.0,10,49,0,0.0,1514175.4,0.0,0.05
5.0,11,49,2,9834000.0,1514175.4,6.49,0.05
5.0,12,49,0,0.0,1514175.4,0.0,0.05
5.0,13,49,0,0.0,1514175.4,0.0,0.05
5.0,14,49,0,0.0,1514175.4,0.0,0.05
5.0,15,49,0,0.0,1514175.4,0.0,0.05
5.0,16,49,0,0.0,1514175.4,0.0,0.05
5.0,17,49,1,10273000.0,1514175.4,6.78,0.05
5.0,18,49,1,7402000.0,1514175.4,4.89,0.05
6.0,0,49,0,0.0,1514175.4,0.0,0.05
6.0,1,49,1,10273000.0,1514175.4,6.78,0.05
6.0,2,49,0,0.0,1514175.4,0.0,0.05
6.0,3,49,1,2344000.0,1514175.4,1.55,0.05
6.0,4,49,0,0.0,1514175.4,0.0,0.05
6.0,5,49,0,0.0,1514175.4,0.0,0.05
6.0,6,49,2,17353500.0,1514175.4,11.46,0.05
6.0,7,49,0,0.0,1514175.4,0.0,0.05
6.0,8,49,1,2344000.0,1514175.4,1.55,0.05
6.0,9,49,1,3066000.0,1514175.4,2.02,0.05
6.0,10,49,0,0.0,1514175.4,0.0,0.05
6.0,11,49,2,9834000.0,1514175.4,6.49,0.05
6.0,12,49,0,0.0,1514175.4,0.0,0.05
6.0,13,49,0,0.0,1514175.4,0.0,0.05
6.0,14,49,0,0.0,1514175.4,0.0,0.05
6.0,15,49,0,0.0,1514175.4,0.0,0.05
6.0,16,49,0,0.0,1514175.4,0.0,0.05
6.0,17,49,1,10273000.0,1514175.4,6.78,0.05
6.0,18,49,1,7402000.0,1514175.4,4.89,0.05
7.0,0,49,0,0.0,1514175.4,0.0,0.05
7.0,1,49,1,10273000.0,1514175.4,6.78,0.05
7.0,2,49,0,0.0,1514175.4,0.0,0.05
7.0,3,49,1,2344000.0,1514175.4,1.55,0.05
7.0,4,49,0,0.0,1514175.4,0.0,0.05
7.0,5,49,0,0.0,1514175.4,0.0,0.05
7.0,6,49,2,17353500.0,1514175.4,11.46,0.05
7.0,7,49,0,0.0,1514175.4,0.0,0.05
7.0,8,49,1,2344000.0,1514175.4,1.55,0.05
7.0,9,49,1,3066000.0,1514175.4,2.02,0.05
7.0,10,49,0,0.0,1514175.4,0.0,0.05
7.0,11,49,2,9834000.0,1514175.4,6.49,0.05
7.0,12,49,0,0.0,1514175.4,0.0,0.05
7.0,13,49,0,0.0,1514175.4,0.0,0.05
7.0,14,49,0,0.0,1514175.4,0.0,0.05
7.0,15,49,0,0.0,1514175.4,0.0,0.05
7.0,16,49,0,0.0,1514175.4,0.0,0.05
7.0,17,49,1,10273000.0,1514175.4,6.78,0.05
7.0,18,49,1,7402000.0,1514175.4,4.89,0.05
8.0,0,49,0,0.0,1514175.4,0.0,0.05
8.0,1,49,1,10273000.0,1514175.4,6.78,0.05
8.0,2,49,0,0.0,1514175.4,0.0,0.05
8.0,3,49,1,2344000.0,1514175.4,1.55,0.05
8.0,4,49,0,0.0,1514175.4,0.0,0.05
8.0,5,49,0,0.0,1514175.4,0.0,0.05
8.0,6,49,2,17353500.0,1514175.4,11.46,0.05
8.0,7,49,0,0.0,1514175.4,0.0,0.05
8.0,8,49,1,2344000.0,1514175.4,1.55,0.05
8.0,9,49,1,3066000.0,1514175.4,2.02,0.05
8.0,10,49,0,0.0,1514175.4,0.0,0.05
8.0,11,49,2,9834000.0,1514175.4,6.49,0.05
8.0,12,49,0,0.0,1514175.4,0.0,0.05
8.0,13,49,0,0.0,1514175.4,0.0,0.05
8.0,14,49,0,0.0,1514175.4,0.0,0.05
8.0,15,49,0,0.0,1514175.4,0.0,0.05
8.0,16,49,0,0.0,1514175.4,0.0,0.05
8.0,17,49,1,10273000.0,1514175.4,6.78,0.05
8.0,18,49,1,7402000.0,1514175.4,4.89,0.05
9.0,0,49,0,0.0,1514175.4,0.0,0.05
9.0,1,49,1,10273000.0,1514175.4,6.78,0.05
9.0,2,49,0,0.0,1514175.4,0.0,0.05
9.0,3,49,1,2344000.0,1514175.4,1.55,0.05
9.0,4,49,0,0.0,1514175.4,0.0,0.05
9.0,5,49,0,0.0,1514175.4,0.0,0.05
9.0,6,49,2,17353500.0,1514175.4,11.46,0.05
9.0,7,49,0,0.0,1514175.4,0.0,0.05
9.0,8,49,1,2344000.0,1514175.4,1.55,0.05
9.0,9,49,1,3066000.0,1514175.4,2.02,0.05
9.0,10,49,0,0.0,1514175.4,0.0,0.05
9.0,11,49,2,9834000.0,1514175.4,6.49,0.05
9.0,12,49,0,0.0,1514175.4,0.0,0.05
9.0,13,49,0,0.0,1514175.4,0.0,0.05
9.0,14,49,0,0.0,1514175.4,0.0,0.05
9.0,15,49,0,0.0,1514175.4,0.0,0.05
9.0,16,49,0,0.0,1514175.4,0.0,0.05
9.0,17,49,1,10273000.0,1514175.4,6.78,0.05
9.0,18,49,1,7402000.0,1514175.4,4.89,0.05
10.0,0,49,0,0.0,1514175.4,0.0,0.05
10.0,1,49,1,10273000.0,1514175.4,6.78,0.05
10.0,2,49,0,0.0,1514175.4,0.0,0.05
10.0,3,49,1,2344000.0,1514175.4,1.55,0.05
10.0,4,49,0,0.0,1514175.4,0.0,0.05
10.0,5,49,0,0.0,1514175.4,0.0,0.05
10.0,6,49,2,17353500.0,1514175.4,11.46,0.05
10.0,7,49,0,0.0,1514175.4,0.0,0.05
10.0,8,49,1,2344000.0,1514175.4,1.55,0.05
10.0,9,49,1,3066000.0,1514175.4,2.02,0.05
10.0,10,49,0,0.0,1514175.4,0.0,0.05
10.0,11,49,2,9834000.0,1514175.4,6.49,0.05
10.0,12,49,0,0.0,1514175.4,0.0,0.05
10.0,13,49,0,0.0,1514175.4,0.0,0.05
10.0,14,49,0,0.0,1514175.4,0.0,0.05
10.0,15,49,0,0.0,1514175.4,0.0,0.05
10.0,16,49,0,0.0,1514175.4,0.0,0.05
10.0,17,49,1,10273000.0,1514175.4,6.78,0.05
10.0,18,49,1,7402000.0,1514175.4,4.89,0.05
11.0,0,49,0,0.0,1514175.4,0.0,0.05
11.0,1,49,1,10273000.0,1514175.4,6.78,0.05
11.0,2,49,0,0.0,1514175.4,0.0,0.05
11.0,3,49,1,2344000.0,1514175.4,1.55,0.05
11.0,4,49,0,0.0,1514175.4,0.0,0.05
11.0,5,49,0,0.0,1514175.4,0.0,0.05
11.0,6,49,2,17353500.0,1514175.4,11.46,0.05
11.0,7,49,0,0.0,1514175.4,0.0,0.05
11.0,8,49,1,2344000.0,1514175.4,1.55,0.05
11.0,9,49,1,3066000.0,1514175.4,2.02,0.05
11.0,10,49,0,0.0,1514175.4,0.0,0.05
11.0,11,49,2,9834000.0,1514175.4,6.49,0.05
11.0,12,49,0,0.0,1514175.4,0.0,0.05
11.0,13,49,0,0.0,1514175.4,0.0,0.05
11.0,14,49,0,0.0,1514175.4,0.0,0.05
11.0,15,49,0,0.0,1514175.4,0.0,0.05
11.0,16,49,0,0.0,1514175.4,0.0,0.05
11.0,17,49,1,10273000.0,1514175.4,6.78,0.05
11.0,18,49,1,7402000.0,1514175.4,4.89,0.05
12.0,0,49,0,0.0,1514175.4,0.0,0.05
12.0,1,49,1,10273000.0,1514175.4,6.78,0.05
12.0,2,49,0,0.0,1514175.4,0.0,0.05
12.0,3,49,1,2344000.0,1514175.4,1.55,0.05
12.0,4,49,0,0.0,1514175.4,0.0,0.05
12.0,5,49,0,0.0,1514175.4,0.0,0.05
12.0,6,49,2,17353500.0,1514175.4,11.46,0.05
12.0,7,49,0,0.0,1514175.4,0.0,0.05
12.0,8,49,1,2344000.0,1514175.4,1.55,0.05
12.0,9,49,1,3066000.0,1514175.4,2.02,0.05
12.0,10,49,0,0.0,1514175.4,0.0,0.05
12.0,11,49,2,9834000.0,1514175.4,6.49,0.05
12.0,12,49,0,0.0,1514175.4,0.0,0.05
12.0,13,49,0,0.0,1514175.4,0.0,0.05
12.0,14,49,0,0.0,1514175.4,0.0,0.05
12.0,15,49,0,0.0,1514175.4,0.0,0.05
12.0,16,49,0,0.0,1514175.4,0.0,0.05
12.0,17,49,1,10273000.0,1514175.4,6.78,0.05
12.0,18,49,1,7402000.0,1514175.4,4.89,0.05
13.0,0,49,0,0.0,1514175.4,0.0,0.05
13.0,1,49,1,10273000.0,1514175.4,6.78,0.05
13.0,2,49,0,0.0,1514175.4,0.0,0.05
13.0,3,49,1,2344000.0,1514175.4,1.55,0.05
13.0,4,49,0,0.0,1514175.4,0.0,0.05
13.0,5,49,0,0.0,1514175.4,0.0,0.05
13.0,6,49,2,17353500.0,1514175.4,11.46,0.05
13.0,7,49,0,0.0,1514175.4,0.0,0.05
13.0,8,49,1,2344000.0,1514175.4,1.55,0.05
13.0,9,49,1,3066000.0,1514175.4,2.02,0.05
13.0,10,49,0,0.0,1514175.4,0.0,0.05
13.0,11,49,2,9834000.0,1514175.4,6.49,0.05
13.0,12,49,0,0.0,1514175.4,0.0,0.05
13.0,13,49,0,0.0,1514175.4,0.0,0.05
13.0,14,49,0,0.0,1514175.4,0.0,0.05
13.0,15,49,0,0.0,1514175.4,0.0,0.05
13.0,16,49,0,0.0,1514175.4,0.0,0.05
13.0,17,49,1,10273000.0,1514175.4,6.78,0.05
13.0,18,49,1,7402000.0,1514175.4,4.89,0.05
14.0,0,49,0,0.0,1514175.4,0.0,0.05
14.0,1,49,1,10273000.0,1514175.4,6.78,0.05
14.0,2,49,0,0.0,1514175.4,0.0,0.05
14.0,3,49,1,2344000.0,1514175.4,1.55,0.05
14.0,4,49,0,0.0,1514175.4,0.0,0.05
14.0,5,49,0,0.0,1514175.4,0.0,0.05
14.0,6,49,2,17353500.0,1514175.4,11.46,0.05
14.0,7,49,0,0.0,1514175.4,0.0,0.05
14.0,8,49,1,2344000.0,1514175.4,1.55,0.05
14.0,9,49,1,3066000.0,1514175.4,2.02,0.05
14.0,10,49,0,0.0,1514175.4,0.0,0.05
14.0,11,49,2,9834000.0,1514175.4,6.49,0.05
14.0,12,49,0,0.0,1514175.4,0.0,0.05
14.0,13,49,0,0.0,1514175.4,0.0,0.05
14.0,14,49,0,0.0,1514175.4,0.0,0.05
14.0,15,49,0,0.0,1514175.4,0.0,0.05
14.0,16,49,0,0.0,1514175.4,0.0,0.05
14.0,17,49,1,10273000.0,1514175.4,6.78,0.05
14.0,18,49,1,7402000.0,1514175.4,4.89,0.05
